# Seeds for failure cases proptest has generated in the past. It is
# automatically read and these particular cases re-run before any
# novel cases are generated.
#
# It is recommended to check this file in to source control so that
# everyone who runs the test benefits from these saved cases.
cc cbdbad876a4a2be97e259c49ab13a0e06497c9906cabd8be3a21eec67ca8b456 # shrinks to glamour_lhs = Unit(Quat { w: 0.38997915, i: -0.8115492, j: -0.13905351, k: 0.41227233 })
cc 22d6612350d7a676b7a3cddda0041cdf69d6b58010a10a863af966dad1c7ec06 # shrinks to glamour_lhs = Unit(Quat { w: -0.16003288, i: -0.68875295, j: -0.35419565, k: -0.61200833 })
cc 53a118d0fa72628d8a6a442fab05b73115a40436bbf39aa119e8be9202f701db # shrinks to glamour_lhs = Mat4([[-0.9064628, 0.32327503, -0.27169555, 0.0], [-0.40722254, -0.4988679, 0.7650494, 0.0], [0.11178119, 0.8041294, 0.5838501, 0.0], [0.0, 0.0, 0.0, 1.0]])
